Loading DB...
done.
(0.15692057550148414, 'Colton', 105620, 166)
(0.16352652977465404, 'Liam', 155683, 255)
(0.1684822151928128, 'Ethan', 386925, 653)
(0.1711008902328497, 'Grant', 117857, 202)
(0.178443668195783, 'Jake', 118593, 212)
(0.19448629034890932, 'Lucas', 213994, 417)
(0.20296668958447409, 'Luke', 242404, 493)
(0.2149552176629869, 'Jeff', 119767, 258)
(0.2181757153646052, 'Caleb', 261602, 572)
(0.2228862545312041, 'Gavin', 162948, 364)
(0.22704034394196784, 'Sebastian', 123925, 282)
(0.2405380579470972, 'Wyatt', 128153, 309)
(0.247558533665947, 'Jacob', 891717, 2213)
(0.24822493967629955, 'Owen', 158333, 394)
(0.2675430787664147, 'Jackson', 207261, 556)
(0.27448855063027094, 'Isaac', 255773, 704)
(0.28656024814898085, 'Zachary', 523342, 1504)
(0.30188367140169137, 'Isaiah', 192868, 584)
(0.3099273042453037, 'Alan', 341599, 1062)
(0.3111811023622047, 'Seth', 158256, 494)
(0.32351230763967964, 'Mike', 203967, 662)
(0.32597186507336257, 'Nathan', 527156, 1724)
(0.33250367864593244, 'Mark', 1345871, 4490)
(0.33461045812855134, 'Benjamin', 706512, 2372)
(0.3357500851540071, 'Lance', 102410, 345)
(0.3358132913542107, 'Philip', 337444, 1137)
(0.33800621641459677, 'Scott', 769860, 2611)
(0.33812017049072784, 'Peter', 571231, 1938)
(0.3382963502771222, 'Craig', 298134, 1012)
(0.3421368617461349, 'Stephen', 854035, 2932)
(0.34248506032247156, 'Ian', 212127, 729)
(0.34729105051578274, 'Cole', 125681, 438)
(0.34833300009997004, 'Steven', 1275924, 4460)
(0.34893353846858643, 'Matthew', 1566162, 5484)
(0.3505699720084921, 'Nicholas', 884301, 3111)
(0.35311948250808584, 'Garrett', 127550, 452)
(0.3562427633850189, 'Ronald', 1076594, 3849)
(0.3572148234992398, 'David', 3590004, 12870)
(0.35767060720042987, 'Jeremiah', 178017, 639)
(0.358864433550081, 'Jeffrey', 971521, 3499)
(0.35977470659752375, 'Colin', 120474, 435)
(0.3643726042335043, 'Gary', 899085, 3288)
(0.3659918011557911, 'Bruce', 380850, 1399)
(0.3674370796081773, 'Thomas', 2290450, 8447)
(0.3712509322164261, 'Richard', 2558272, 9533)
(0.37184970611878065, 'Douglas', 556482, 2077)
(0.3725556802741183, 'Adam', 539646, 2018)
(0.3760864325312992, 'Todd', 281055, 1061)
(0.37635212601565227, 'Steve', 239826, 906)
(0.3796410130317187, 'Neil', 101289, 386)
(0.3800161517113025, 'Samuel', 729030, 2781)
(0.38226131285795206, 'Andrew', 1266261, 4859)
(0.3831390031184058, 'Marc', 138321, 532)
(0.38379821621314547, 'Roger', 438386, 1689)
(0.3869465983464079, 'Jared', 197709, 768)
(0.38925878639424094, 'William', 4071857, 15912)
(0.3914396063542603, 'Jack', 668231, 2626)
(0.3914421133461019, 'Theodore', 225711, 887)
(0.39199828983663304, 'Brian', 1160235, 4566)
(0.3931981315846556, 'Donald', 1409752, 5565)
(0.39481251251962757, 'Trevor', 154146, 611)
(0.4007521810166775, 'Derek', 226163, 910)
(0.404184531924362, 'Gregory', 704984, 2861)
(0.40465886817261076, 'Timothy', 1063492, 4321)
(0.4083661034527462, 'Brent', 138279, 567)
(0.4083808209943799, 'Elijah', 254112, 1042)
(0.4091196618118983, 'Joseph', 2582033, 10607)
(0.4105735506585566, 'Joshua', 1184914, 4885)
(0.414760027389244, 'Vincent', 330142, 1375)
(0.4159637631418721, 'Edward', 1283932, 5363)
(0.4166838574500847, 'Robert', 4803223, 20098)
(0.41827476178742223, 'Kenneth', 1268952, 5330)
(0.4199818500306017, 'Max', 141552, 597)
(0.42086772471535994, 'Paul', 1383189, 5846)
(0.4218484387581641, 'Patrick', 667791, 2829)
(0.42315277837756715, 'John', 5095882, 21655)
(0.4236703269738053, 'Frederick', 259711, 1105)
(0.4239703774221937, 'Barry', 179907, 766)
(0.4254177711750027, 'Jonathan', 820391, 3505)
(0.428781688081517, 'Dennis', 616309, 2654)
(0.42903279036326347, 'Oliver', 126717, 546)
(0.4296096967081415, 'Daniel', 1882663, 8123)
(0.4312061822817081, 'Eduardo', 99983, 433)
(0.43259762591755246, 'Chad', 239138, 1039)
(0.4335739907686499, 'Phillip', 305882, 1332)
(0.4374139045393118, 'Gordon', 152503, 670)
(0.4388696778997258, 'Tom', 139064, 613)
(0.4404566690387055, 'Larry', 804466, 3559)
(0.44234856535600425, 'Erik', 149894, 666)
(0.44251731126171684, 'Nathaniel', 256927, 1142)
(0.44435101555590995, 'Ralph', 412023, 1839)
(0.44496370687083625, 'Bill', 160196, 716)
(0.44992697520297753, 'Clayton', 126781, 573)
(0.4512616958225977, 'James', 5121250, 23215)
(0.45240234390528966, 'Bryan', 375612, 1707)
(0.4543870731976782, 'Wayne', 351399, 1604)
(0.45519004637297117, 'Raymond', 769346, 3518)
(0.45604106174127423, 'Kevin', 1158404, 5307)
(0.46339992659011064, 'Lawrence', 455583, 2121)
(0.46914910253514275, 'Christopher', 2004835, 9450)
(0.4704453549360061, 'Edgar', 149153, 705)
(0.47600276922975, 'Bradley', 300452, 1437)
(0.47779225393817365, 'Harry', 420133, 2017)
(0.478400774553635, 'Rodney', 244643, 1176)
(0.48006783712413326, 'Stanley', 298103, 1438)
(0.4801590898789829, 'Russell', 351313, 1695)
(0.48020274018294473, 'Harold', 548993, 2649)
(0.483012062040085, 'Noah', 337690, 1639)
(0.4837662976145995, 'Martin', 303630, 1476)
(0.4843561870328381, 'Leonard', 290109, 1412)
(0.48450004333631874, 'Howard', 344453, 1677)
(0.48834186272558, 'Jason', 1019688, 5004)
(0.48837005946135015, 'Herbert', 227603, 1117)
(0.4909801856060823, 'Eric', 869067, 4288)
(0.49146334021079036, 'Justin', 766364, 3785)
(0.4930403150647867, 'Bernard', 198594, 984)
(0.4956884115593074, 'Anthony', 1414010, 7044)
(0.49799944221853437, 'Michael', 4324146, 21642)
(0.4981028632557207, 'Edwin', 238116, 1192)
(0.5048795900509151, 'Frank', 908479, 4610)
(0.5073456923705788, 'Ivan', 124134, 633)
(0.5088544345653612, 'Keith', 433272, 2216)
(0.512782401902497, 'Warren', 174031, 897)
(0.5133663646125732, 'Dan', 105617, 545)
(0.5191405009703737, 'Charles', 2371756, 12377)
(0.5201228452835144, 'Ricardo', 136370, 713)
(0.5203691458471092, 'Landon', 138408, 724)
(0.5220839982029156, 'Gilbert', 128424, 674)
(0.5237712347293064, 'Albert', 486203, 2560)
(0.5252280258258464, 'Milton', 116477, 615)
(0.5256983323185672, 'Franklin', 133970, 708)
(0.5311248043077896, 'Gerald', 446662, 2385)
(0.5313434002070676, 'Jim', 152757, 816)
(0.5323922032988889, 'Jeremy', 430086, 2302)
(0.5324195078507676, 'Arnold', 102752, 550)
(0.5329923062643097, 'Alfred', 241113, 1292)
(0.5429300888860871, 'Jorge', 126215, 689)
(0.54702078167736, 'Oscar', 194535, 1070)
(0.549870963613872, 'Brandon', 746051, 4125)
(0.5508970186541716, 'Danny', 281434, 1559)
(0.5525391109737141, 'Jeffery', 228398, 1269)
(0.5555171152648591, 'Darren', 100605, 562)
(0.5683342591437953, 'Luis', 263129, 1504)
(0.5732916495545256, 'Harvey', 118627, 684)
(0.5739217006822641, 'Miguel', 169775, 980)
(0.5758193099470693, 'Preston', 106880, 619)
(0.5771797900640564, 'Victor', 310578, 1803)
(0.5780500445164977, 'Lewis', 149636, 870)
(0.5832567440639108, 'Randall', 196871, 1155)
(0.5839662695206335, 'Herman', 135343, 795)
(0.5842019444453378, 'Walter', 618241, 3633)
(0.5868253940176534, 'Marcus', 224805, 1327)
(0.5886414538196418, 'Fred', 342663, 2029)
(0.5923386854290696, 'Leroy', 198366, 1182)
(0.5938834537722933, 'Ruben', 109636, 655)
(0.5996190845115889, 'Levi', 123169, 743)
(0.6042250264395832, 'Arthur', 524430, 3188)
(0.6050239967323598, 'Calvin', 194675, 1185)
(0.6115493680546874, 'Clarence', 302123, 1859)
(0.6137364473427362, 'Ernest', 300392, 1855)
(0.6207590783685034, 'Lloyd', 159933, 999)
(0.632035403486887, 'Carl', 501843, 3192)
(0.6334816594611257, 'Norman', 251443, 1603)
(0.6344577119903153, 'Manuel', 180577, 1153)
(0.6411175355601217, 'Marvin', 249514, 1610)
(0.6609736469963201, 'Alejandro', 127147, 846)
(0.6616773990116718, 'Roy', 403252, 2686)
(0.6617330357492462, 'Eli', 101480, 676)
(0.6623260691790528, 'Jerome', 159132, 1061)
(0.6715041200344362, 'Xavier', 121146, 819)
(0.6732250453366613, 'Dustin', 203751, 1381)
(0.6763924916140822, 'George', 1457712, 9927)
(0.67687971428011, 'Henry', 658261, 4486)
(0.6816289861283968, 'Chester', 120500, 827)
(0.6854926978765988, 'Alexander', 635156, 4384)
(0.6875879921885644, 'Reginald', 109338, 757)
(0.6886838806981956, 'Eugene', 377960, 2621)
(0.6895622290604434, 'Allen', 265284, 1842)
(0.6902987380572756, 'Mitchell', 160697, 1117)
(0.6919499376110712, 'Alvin', 157584, 1098)
(0.7031979555416717, 'Travis', 298795, 2116)
(0.7047971366114968, 'Sean', 413356, 2934)
(0.7050869512945453, 'Derrick', 140404, 997)
(0.7135013688093635, 'Louis', 392414, 2820)
(0.7174298899538516, 'Carlos', 279679, 2021)
(0.719180122743252, 'Don', 166623, 1207)
(0.7285445909000656, 'Francisco', 129992, 954)
(0.7448590917362684, 'Darrell', 158172, 1187)
(0.747553061309083, 'Jose', 550729, 4148)
(0.7508905561996528, 'Jon', 165219, 1250)
(0.7514340411829026, 'Aaron', 560939, 4247)
(0.7619594360978282, 'Dominic', 152121, 1168)
(0.7645987956868786, 'Mario', 141728, 1092)
(0.7721765770784014, 'Jimmy', 285022, 2218)
(0.7737742837080586, 'Earl', 288276, 2248)
(0.780884690919293, 'Roberto', 106095, 835)
(0.7842667860153835, 'Connor', 190647, 1507)
(0.8009237144339172, 'Juan', 338498, 2733)
(0.8105399062001146, 'Antonio', 240466, 1965)
(0.8351767414563677, 'Ricky', 219660, 1850)
(0.8564932695507821, 'Glenn', 247253, 2136)
(0.869767186000599, 'Leon', 162184, 1423)
(0.8771210418836575, 'Melvin', 241727, 2139)
(0.8776632540121748, 'Duane', 114633, 1015)
(0.8887253857920111, 'Floyd', 153564, 1377)
(0.8953739015088709, 'Curtis', 257011, 2322)
(0.9083854021570422, 'Karl', 99595, 913)
(0.9086091439032615, 'Brayden', 102842, 943)
(0.964129656978426, 'Joel', 260191, 2533)
(1.0065265299203254, 'Leo', 186868, 1900)
(1.0246882951286918, 'Aiden', 171545, 1776)
(1.037673900096208, 'Lester', 129607, 1359)
(1.067308529758747, 'Glen', 124951, 1348)
(1.0692666599583733, 'Clifford', 186802, 2019)
(1.0701486552786446, 'Austin', 397236, 4297)
(1.0938049047568459, 'Mason', 242065, 2677)
(1.1184346729192445, 'Wesley', 205378, 2323)
(1.1335367473613873, 'Sam', 122805, 1408)
(1.1502886709151567, 'Tony', 247406, 2879)
(1.181864037748137, 'Johnny', 309532, 3702)
(1.1859021889085117, 'Jesus', 219892, 2639)
(1.1865217335108378, 'Micheal', 152902, 1836)
(1.2384663090768786, 'Troy', 208613, 2616)
(1.3064552709167339, 'Jay', 187120, 2477)
(1.3423913043478262, 'Vernon', 145224, 1976)
(1.3519871048349157, 'Elmer', 127908, 1753)
(1.3807174772075725, 'Billy', 381844, 5346)
(1.5030652635643946, 'Randy', 326474, 4982)
(1.5435428392745465, 'Evan', 251891, 3949)
(1.5849018428699089, 'Tommy', 175109, 2820)
(1.5914643477159638, 'Julian', 186495, 3016)
(1.6614565242561075, 'Dean', 169870, 2870)
(1.7257654180191244, 'Cody', 280057, 4918)
(1.7717457540697505, 'Kyle', 473914, 8548)
(1.8095025726154785, 'Andre', 118892, 2191)
(1.826003773564962, 'Shane', 185756, 3455)
(1.9208840039138655, 'Maurice', 133316, 2611)
(2.0290301229855157, 'Gabriel', 318244, 6591)
(2.0308280828082808, 'Brett', 156735, 3249)
(2.1687029463099488, 'Chase', 150218, 3330)
(2.3057849374300705, 'Ryan', 908946, 21453)
(2.413883333644842, 'Aidan', 104423, 2583)
(2.4540302894975308, 'Joe', 449962, 11320)
(2.5990793214831434, 'Ray', 201429, 5375)
(2.605646630236794, 'Bryce', 106939, 2861)
(2.70353894072429, 'Clyde', 141507, 3932)
(2.712149008557924, 'Tyler', 575911, 16055)
(2.7538937240504597, 'Jerry', 611078, 17305)
(2.7823317803856815, 'Jesse', 412130, 11795)
(2.815959962979467, 'Spencer', 113406, 3286)
(2.8764055077866635, 'Carter', 129221, 3827)
(2.879844213060214, 'Dylan', 342131, 10145)
(2.9847086828735385, 'Bobby', 312592, 9617)
(3.0806833422501043, 'Alex', 264487, 8407)
(3.9783963086606136, 'Ronnie', 180632, 7484)
(4.070970411752534, 'Blake', 166905, 7083)
(4.594073378355507, 'Christian', 400225, 19272)
(4.6807382265591855, 'Corey', 179734, 8826)
(4.87610337126449, 'Hunter', 214668, 11004)
(4.919942440784816, 'Cory', 124881, 6462)
(5.245041673242697, 'Gene', 126080, 6979)
(5.730918499353169, 'Tristan', 102018, 6202)
(6.403417896007603, 'Adrian', 218636, 14958)
(6.7652420498278305, 'Cecil', 105869, 7682)
(6.809892978854854, 'Lonnie', 93520, 6834)
(6.994547213639545, 'Eddie', 208601, 15688)
(7.071826334958715, 'Logan', 295204, 22465)
(7.318086064791403, 'Dale', 276738, 21851)
(9.131438969764838, 'Cameron', 259666, 26094)
(9.2573532702155, 'Francis', 283892, 28962)
(9.888305059300405, 'Shawn', 300117, 32933)
(10.037935212218713, 'Jayden', 181180, 20216)
(10.126582278481013, 'Devin', 147822, 16656)
(10.546435310302826, 'Charlie', 164506, 19395)
(11.451572278301978, 'Parker', 91405, 11821)
(13.788804163203354, 'Chris', 143133, 22893)
(17.04446737895651, 'Jimmie', 111727, 22956)
(18.675195878832746, 'Terry', 421822, 96866)
(19.820909122770125, 'Hayden', 91510, 22622)
(21.247612070087026, 'Lee', 230031, 62063)
(21.845184007269424, 'Sidney', 82569, 23079)
(24.59175293816723, 'Willie', 448112, 146136)
(25.901373861047837, 'Dakota', 83275, 29109)
(26.309371054333432, 'Jordan', 358936, 128149)
(30.082227627057716, 'Angel', 215890, 92887)
(32.52966296476419, 'Johnnie', 101275, 48828)
(40.865488835898546, 'Casey', 109115, 75405)
(42.76431043261389, 'Jaime', 66323, 49554)
(49.37087907431367, 'Riley', 89610, 87383)
(53.61110781744667, 'Jackie', 78246, 90428)
(57.9001491555572, 'Peyton', 45443, 62498)
(60.25299189947073, 'Jessie', 109567, 166094)
(67.19140513052925, 'Avery', 49227, 100816)
(70.17808712602763, 'Leslie', 112598, 264970)
(72.34672353267229, 'Marion', 71841, 187951)
(74.16915914959178, 'Taylor', 108644, 311954)
(75.87891765067668, 'Jamie', 84713, 266486)
(75.91331219259642, 'Aubrey', 29775, 93841)
(76.2181796259175, 'Billie', 31558, 101140)
(77.67254317588052, 'Lynn', 52217, 181652)
(78.26767908685385, 'Dana', 53006, 190898)
(80.40679728160075, 'Tracy', 61063, 250591)
(81.75802812630978, 'Bailey', 20456, 91681)
(82.73619920131549, 'Bobbie', 18373, 88052)
(83.4793381471488, 'Morgan', 41206, 208215)
(83.72998277737068, 'Kim', 34859, 179394)
(84.43963817254233, 'Alexis', 61153, 331852)
(85.04886106362335, 'Shannon', 51774, 294514)
(85.24739453419079, 'Kelly', 81323, 469922)
(86.71871482472018, 'Robin', 44247, 288906)
(88.02081639290941, 'Stacy', 22098, 162372)
(89.10056256010961, 'Carmen', 16546, 135260)
(89.31539713820581, 'Addison', 12470, 104240)
(89.8820518316323, 'Shelby', 16050, 142579)
(91.39412020635217, 'Stacey', 13846, 147044)
(91.96402658592952, 'Courtney', 22428, 256667)
(93.92581508899039, 'Patsy', 7713, 119267)
(94.1779869717191, 'Whitney', 5863, 94841)
(94.21402602372751, 'Mackenzie', 7257, 118167)
(94.76646748113131, 'Sydney', 9056, 163982)
(95.1126139700763, 'Jean', 23516, 457641)
(95.28179612395958, 'Lindsey', 7681, 155114)
(95.74812724742185, 'Gail', 8951, 201568)
(96.17669004626175, 'Lindsay', 5124, 128896)
(96.24247416210704, 'Kay', 3832, 98150)
(96.54348188950092, 'Kelsey', 5177, 144598)
(97.14660790473064, 'Erin', 9129, 310806)
(97.45377065264745, 'Connie', 6955, 266194)
(97.53481701410294, 'Pearl', 3919, 155055)
(97.9289291048054, 'Madison', 7544, 356712)
(97.95195977856027, 'Brandy', 2216, 105985)
(98.16136929886666, 'Bernice', 3402, 181627)
(98.1745308529475, 'Joy', 2464, 132515)
(98.17674355412613, 'Ashley', 15567, 838235)
(98.34102816828344, 'June', 3198, 189572)
(98.42051586021739, 'Isabel', 1812, 112909)
(98.54286311472963, 'Toni', 1464, 99007)
(98.62459768294175, 'Shirley', 9551, 684864)
(98.65174430580437, 'Alma', 2160, 158047)
(98.6535578097812, 'Andrea', 5819, 426357)
(98.6983387008903, 'Allison', 3775, 286239)
(98.72847247756566, 'Vivian', 2559, 198695)
(98.74443929166452, 'Claire', 2193, 172470)
(98.76547694858897, 'Lauren', 5777, 462177)
(98.76811771319629, 'Bonnie', 4032, 323272)
(98.7846880664395, 'Beverly', 4633, 376586)
(98.80814564270736, 'Joan', 5786, 479676)
(98.81879991844622, 'Michele', 2665, 222953)
(98.83641300787833, 'Laurie', 1954, 165975)
(98.92757508785914, 'Hazel', 2664, 245745)
(98.92927675473712, 'Brooke', 2006, 185344)
(98.93231833088487, 'Audrey', 2878, 266678)
(98.95038237370025, 'Carol', 8655, 815931)
(99.00495307323236, 'Jo', 1796, 178698)
(99.0193982201709, 'Paige', 1330, 134301)
(99.04794054988618, 'Kristen', 2087, 217122)
(99.06140506105115, 'Marian', 1326, 139949)
(99.09731188456232, 'Kristin', 1629, 178832)
(99.12826645484357, 'Ruby', 2996, 340687)
(99.14235223545052, 'Renee', 1587, 183454)
(99.16151645593534, 'Frances', 4971, 587885)
(99.21128428759859, 'Lois', 2637, 331704)
(99.22093115518823, 'Maria', 4222, 537707)
(99.23016206062786, 'Holly', 1541, 198631)
(99.30278134525985, 'Doris', 3241, 461606)
(99.32544725779645, 'Rosa', 1173, 172720)
(99.34531005014901, 'Louise', 2188, 332016)
(99.37043494651525, 'Dolores', 1336, 210874)
(99.37557942956863, 'Terri', 916, 145780)
(99.3993162176707, 'Claudia', 759, 125597)
(99.40597226347415, 'Mattie', 780, 130527)
(99.42920327535712, 'Nora', 764, 133084)
(99.43875123757603, 'Lillie', 873, 154673)
(99.43987324997202, 'Joyce', 2853, 506496)
(99.449077853998, 'Gabrielle', 722, 130331)
(99.44937990780981, 'Annie', 1922, 347139)
(99.4525962965999, 'Mae', 601, 109190)
(99.46312738975955, 'Wilma', 754, 139689)
(99.46388353421474, 'Haley', 826, 153245)
(99.46505122429703, 'Alison', 589, 109515)
(99.46811168940579, 'Ethel', 1490, 278644)
(99.47864480910667, 'Jasmine', 1254, 239273)
(99.47919132616826, 'Dora', 550, 105055)
(99.4826517714058, 'Danielle', 1895, 364396)
(99.48961572122458, 'Kimberly', 4263, 830990)
(99.49539135890842, 'Thelma', 1142, 225172)
(99.49682323576128, 'Elsie', 887, 175393)
(99.50636333414874, 'Minnie', 787, 158642)
(99.5111961593984, 'Georgia', 728, 148207)
(99.5234018813843, 'Juanita', 991, 206941)
(99.52346724170062, 'Yolanda', 537, 112152)
(99.54070951223278, 'Norma', 1279, 277194)
(99.5438880266964, 'Daisy', 626, 136621)
(99.5446605333644, 'Roberta', 782, 170958)
(99.5510425310457, 'Bertha', 936, 207547)
(99.55301013017683, 'Lorraine', 935, 208242)
(99.55370871805643, 'Carrie', 1190, 265452)
(99.55490322944847, 'Erica', 1025, 229262)
(99.55625374512123, 'Erika', 548, 122946)
(99.56330328826573, 'Rose', 2093, 477187)
(99.56835712152181, 'Bessie', 737, 170006)
(99.5724626685827, 'Florence', 1437, 334674)
(99.57263068329364, 'Sharon', 3094, 720870)
(99.57459379615953, 'Kylie', 432, 101118)
(99.57662960729793, 'Sherry', 976, 229555)
(99.5783059406181, 'Gloria', 1737, 410173)
(99.58198574787615, 'Tammy', 1392, 331611)
(99.58265421000453, 'Christina', 1987, 474117)
(99.58942143798977, 'Ida', 766, 185800)
(99.59151315067116, 'Marie', 2195, 535154)
(99.59827202616914, 'Michelle', 3252, 806251)
(99.6024814405713, 'Yvonne', 619, 155097)
(99.60341610545252, 'Nellie', 593, 148934)
(99.6038357733876, 'Monica', 982, 246895)
(99.60732775150198, 'Vanessa', 983, 249353)
(99.61012944780316, 'Zoe', 434, 110885)
(99.61371883413321, 'Eva', 990, 255300)
(99.61441666089446, 'Veronica', 835, 215720)
(99.61457971837503, 'Beatrice', 733, 189449)
(99.61701458564198, 'Gladys', 1023, 266089)
(99.61757390458027, 'Brandi', 389, 101330)
(99.6179763827859, 'Julia', 1724, 449557)
(99.61828483789887, 'Irene', 1344, 350751)
(99.61882875029717, 'Esther', 962, 251418)
(99.61970657095111, 'Sylvia', 908, 237855)
(99.62058446938315, 'Margie', 403, 105813)
(99.62123049381137, 'Alexandra', 859, 225928)
(99.62277524019531, 'Jennie', 479, 126501)
(99.63030472298578, 'Clara', 1006, 271110)
(99.6332527210282, 'Mary', 15159, 4118205)
(99.63448743768453, 'Denise', 1363, 371538)
(99.63534265150325, 'Wendy', 952, 260115)
(99.63574139333153, 'Delores', 430, 117618)
(99.63633708193369, 'Myrtle', 498, 136442)
(99.63772598911176, 'Martha', 1991, 547593)
(99.63908097790207, 'Betty', 3619, 999099)
(99.6393751789092, 'Diana', 1285, 355041)
(99.63958738970132, 'Tonya', 435, 120260)
(99.64097871927869, 'Crystal', 1185, 328879)
(99.64197266851085, 'Sue', 519, 144442)
(99.64312216335617, 'Dawn', 1034, 288701)
(99.64323774593335, 'Stephanie', 2638, 736790)
(99.64528412836162, 'Geraldine', 748, 210125)
(99.64577713403662, 'Tiffany', 1191, 335038)
(99.64689696304279, 'Edna', 1042, 294056)
(99.64839466792326, 'Vickie', 388, 109963)
(99.64979813063437, 'Mildred', 1583, 450442)
(99.65042994565079, 'Joann', 548, 156216)
(99.65085977583611, 'Alice', 1936, 552569)
(99.65116928974648, 'Brenda', 2122, 606196)
(99.6527212080157, 'Tanya', 405, 116216)
(99.65349610481829, 'Christine', 2030, 583822)
(99.65524212856063, 'Wanda', 972, 280965)
(99.6569314757913, 'Jocelyn', 345, 100218)
(99.65797104007697, 'Pauline', 775, 225814)
(99.65854577408562, 'Jessica', 3571, 1042250)
(99.66171568782221, 'Lucille', 750, 220957)
(99.66231649095778, 'Maxine', 377, 111266)
(99.66275458752058, 'Ruth', 2779, 821250)
(99.66505690539788, 'Evelyn', 1822, 542151)
(99.66511895467806, 'Nicole', 1956, 582132)
(99.66863943031471, 'Melissa', 2496, 750762)
(99.66868023542897, 'Dorothy', 3677, 1106127)
(99.66910895769321, 'Viola', 434, 130727)
(99.66998271338022, 'Jacqueline', 1386, 418592)
(99.67045016018082, 'Jeanette', 538, 162715)
(99.67090331366319, 'Josephine', 986, 298622)
(99.6710512879513, 'Jennifer', 4832, 1464090)
(99.67159968844074, 'Destiny', 468, 142041)
(99.67249035808811, 'Lillian', 1402, 426677)
(99.6725875077108, 'Lucy', 621, 189048)
(99.67572597021307, 'Laura', 2579, 792736)
(99.67780521394428, 'Angela', 2136, 660817)
(99.67904136520636, 'Paula', 893, 277336)
(99.67975101769262, 'Gertrude', 568, 176794)
(99.68038139620444, 'Tamara', 417, 130051)
(99.68061411741634, 'Anita', 684, 213477)
(99.68074799013536, 'Elizabeth', 5160, 1611118)
(99.6809738217526, 'Regina', 564, 176224)
(99.68178910778013, 'Rachel', 1786, 559477)
(99.68406470640808, 'Alicia', 707, 223073)
(99.6850814390947, 'Patricia', 4963, 1571000)
(99.68510425403552, 'Sally', 642, 203235)
(99.68767974232141, 'Tara', 543, 173317)
(99.68920817778046, 'Edith', 825, 264626)
(99.69014701753665, 'Tina', 905, 291169)
(99.69019303285208, 'Sarah', 3311, 1065419)
(99.69053410209447, 'Virginia', 2009, 647174)
(99.69076724196584, 'Anna', 2727, 879133)
(99.69156711005554, 'Cora', 387, 125086)
(99.69242612173667, 'Sandra', 2693, 872869)
(99.69289099526067, 'Jane', 1134, 368116)
(99.69291830561906, 'Ella', 865, 280819)
(99.69322392403355, 'Mabel', 409, 132913)
(99.69550723916613, 'Joanna', 306, 100189)
(99.69562957805866, 'Helen', 3104, 1016706)
(99.69878002314864, 'Constance', 419, 138682)
(99.69883915734354, 'Theresa', 1217, 402886)
(99.69910541079926, 'Brittany', 1078, 357187)
(99.6994351251574, 'Cindy', 771, 255746)
(99.69958159734624, 'Margaret', 3743, 1242186)
(99.70006789801522, 'Julie', 1524, 506591)
(99.70290014706146, 'Annette', 499, 167458)
(99.70391179018357, 'Darlene', 605, 203726)
(99.70531385658607, 'Agnes', 465, 157330)
(99.70569341676382, 'Sara', 1237, 419073)
(99.70666456904286, 'Nancy', 2946, 1001365)
(99.70869716200144, 'Carolyn', 1619, 554160)
(99.7090761836763, 'Ann', 1365, 467830)
(99.71026550480944, 'Vera', 397, 136625)
(99.71096799561141, 'Katherine', 1823, 628903)
(99.71172110153972, 'Lisa', 2788, 964331)
(99.7118524202892, 'Charlene', 383, 132535)
(99.71200864514385, 'Marilyn', 1066, 369084)
(99.71214694001345, 'Barbara', 4138, 1433401)
(99.71250210899275, 'Carla', 426, 147749)
(99.71351456443921, 'Loretta', 501, 174377)
(99.71408946509831, 'Gwendolyn', 333, 116137)
(99.71416702156289, 'Judy', 1094, 381647)
(99.71508569572727, 'Janice', 1158, 405280)
(99.71693094888292, 'Chelsea', 447, 157465)
(99.71700330482581, 'Rhonda', 590, 207893)
(99.71783220064074, 'Rebecca', 2105, 743905)
(99.71799092318963, 'Heather', 1482, 524033)
(99.71860948605135, 'Teresa', 1164, 412496)
(99.71881218171394, 'April', 667, 236541)
(99.71992852859667, 'Karen', 2765, 984483)
(99.72222222222223, 'Marlene', 359, 128881)
(99.72270938635572, 'Catherine', 1823, 655610)
(99.72368645387283, 'Cynthia', 1961, 707740)
(99.7254715150232, 'Rita', 778, 282617)
(99.7259009267685, 'Judith', 1241, 451515)
(99.72664131435319, 'Leona', 294, 107257)
(99.72674959945644, 'Grace', 1303, 475549)
(99.72732370414622, 'Ellen', 744, 272107)
(99.72733951730451, 'Valerie', 694, 253835)
(99.72752532686191, 'Janet', 1518, 555598)
(99.72762075536662, 'Peggy', 799, 292542)
(99.7276568425263, 'Amanda', 2138, 782901)
(99.72812747800475, 'Sheila', 648, 237699)
(99.73002159827213, 'Glenda', 295, 108973)
(99.73050075496919, 'Phyllis', 871, 322321)
(99.73188868878174, 'Amy', 1846, 686674)
(99.7319514582345, 'Donna', 2232, 830453)
(99.73304981914414, 'Diane', 1386, 517812)
(99.73430403094099, 'Amber', 981, 368238)
(99.73804803109284, 'Gina', 399, 151919)
(99.73961415552137, 'Kristina', 352, 134832)
(99.739648821763, 'Victoria', 1232, 471975)
(99.7407616892911, 'Miriam', 275, 105805)
(99.74162864337896, 'Anne', 829, 320027)
(99.74179953850377, 'Sabrina', 348, 134431)
(99.74181036497032, 'Linda', 3757, 1451375)
(99.74280085808773, 'Emma', 1585, 614669)
(99.74335672573669, 'Melanie', 610, 237074)
(99.74403153871789, 'Heidi', 361, 140672)
(99.74524803130213, 'Arlene', 362, 141737)
(99.74544010836311, 'Elaine', 654, 256260)
(99.74546926294015, 'Caitlin', 283, 110902)
(99.74716680114429, 'Megan', 1103, 435153)
(99.74840971745162, 'Maggie', 282, 111805)
(99.74981495188749, 'Melinda', 338, 134762)
(99.75013913705732, 'Lori', 853, 340537)
(99.75728209190001, 'Kathryn', 1094, 449635)
(99.75887930651913, 'Lena', 326, 134876)
(99.75904308424852, 'Jill', 502, 207834)
(99.75926956054707, 'Marsha', 251, 104015)
(99.7618091164725, 'Joanne', 504, 211091)
(99.76190046718014, 'Carole', 264, 110614)
(99.762434644971, 'Kathleen', 1693, 710953)
(99.76274971091351, 'Katrina', 238, 100078)
(99.76427039498778, 'Stella', 377, 159552)
(99.76529979629794, 'Autumn', 265, 112645)
(99.76697809056438, 'Pamela', 1387, 593836)
(99.76879956601483, 'Rosemary', 358, 154486)
(99.76919067828159, 'Debbie', 434, 187600)
(99.77218842548452, 'Marissa', 270, 118249)
(99.772599643647, 'Maureen', 328, 143911)
(99.77368774912357, 'Cassandra', 377, 166207)
(99.77398786353105, 'Susan', 2539, 1120852)
(99.7747930911525, 'Molly', 360, 159493)
(99.77553003654481, 'Suzanne', 492, 218691)
(99.77634459659068, 'Deborah', 1658, 739661)
(99.77702578631201, 'Alexa', 255, 114108)
(99.77729499777296, 'Cheryl', 980, 439064)
(99.77732125496865, 'Natalie', 749, 335610)
(99.77874781442361, 'Kathy', 739, 333269)
(99.77882883434832, 'Jeanne', 361, 162861)
(99.77954985621221, 'Eleanor', 601, 272023)
(99.78074546541758, 'Eileen', 407, 185222)
(99.78182299012694, 'Marjorie', 594, 271662)
(99.78680119211164, 'Marcia', 284, 132925)
(99.78762071357738, 'Katie', 499, 234458)
(99.78793938585966, 'Samantha', 1193, 561382)
(99.78941353127489, 'Emily', 1732, 820733)
(99.79204155773606, 'Priscilla', 245, 117567)
(99.79215974319214, 'Debra', 1146, 550239)
(99.79405114542618, 'Sadie', 235, 113871)
(99.7941413748018, 'Charlotte', 666, 322857)
(99.79602979847743, 'Beth', 325, 159012)
(99.79666155239661, 'Colleen', 330, 161961)
(99.7984894771205, 'Nina', 250, 123813)
(99.79865693019325, 'Cathy', 343, 170013)
(99.79895330553622, 'Violet', 257, 127574)
(99.80079084536577, 'Deanna', 266, 133262)
(99.80211518978952, 'Leah', 418, 210816)
(99.80777751713713, 'Vicki', 295, 153173)
(99.81741573033707, 'Abigail', 611, 334029)
(99.82003179204919, 'Jenna', 257, 142546)
(99.82131982413053, 'Naomi', 267, 149162)
(99.82362295792974, 'Mariah', 183, 103572)
(99.8253765318532, 'Faith', 224, 128052)
(99.82680450976983, 'Hailey', 259, 149283)
(99.82948101854495, 'Brianna', 418, 244716)
(99.83006496631376, 'Kayla', 565, 331915)
(99.83120789644731, 'Olivia', 670, 396268)
(99.83121351029781, 'Miranda', 183, 108238)
(99.83204183685154, 'Lydia', 264, 156918)
(99.83578258959332, 'Hannah', 684, 415837)
(99.84361957291237, 'Chloe', 296, 188986)
(99.85078444747613, 'Kaylee', 175, 117105)
(99.85548322795653, 'Kaitlyn', 232, 160303)
(99.85603359216182, 'Alyssa', 432, 299638)
(99.85740146580181, 'Caroline', 308, 215683)
(99.8651363517988, 'Genevieve', 145, 107371)
(99.86548818785052, 'Mia', 254, 188577)
(99.86837757153819, 'Madeline', 235, 178306)
(99.87178241864983, 'Savannah', 198, 154227)
(99.87327471879759, 'Sophia', 387, 304998)
(99.8755661354397, 'Katelyn', 161, 129225)
(99.87704599576746, 'Ava', 269, 218512)
(99.8777124586802, 'Amelia', 192, 156815)
(99.8814868759597, 'Isabella', 345, 290762)
(99.89234247396995, 'Lily', 140, 129902)
(99.8946998946999, 'Sophie', 111, 105302)
(99.90276299856896, 'Sofia', 106, 108906)
(99.90285059121103, 'Angelina', 111, 114146)
(99.93527816113834, 'Gabriella', 68, 104997)
